2016.05.02_00:00:30	1462140030	19.87	5.64	21.08
2016.05.02_01:00:30	1462143631	19.21	5.65	20.64
2016.05.02_02:00:34	1462147234	19.75	5.63	21.24
2016.05.02_03:00:42	1462150843	20.53	5.65	20.7
2016.05.02_04:00:31	1462154431	20.39	5.65	20.81
2016.05.02_05:00:42	1462158042	19.88	5.64	21.22
2016.05.02_06:00:31	1462161631	19.53	5.65	18.95
2016.05.02_07:00:39	1462165240	20.12	5.64	20.93
2016.05.02_08:00:39	1462168839	20.06	5.64	20.8
2016.05.02_09:00:30	1462172431	19.7	5.6	21.62
2016.05.02_10:00:39	1462176040	20.2	5.58	21.46
2016.05.02_11:00:40	1462179640	19.9	5.64	21.34
2016.05.02_12:00:38	1462183238	20.37	3.51	20.24
2016.05.02_13:00:32	1462186832	20.2	3.06	20.35
2016.05.02_14:00:33	1462190434	20.51	5.64	18.79
2016.05.02_15:00:40	1462194041	20.21	4.15	20.73
2016.05.02_16:00:43	1462197644	20.24	5.63	21.2
2016.05.02_17:00:30	1462201231	19.57	5.63	20.68
2016.05.02_18:00:40	1462204840	20.3	5.6	19.52
2016.05.02_19:00:42	1462208442	20.23	2.86	20.6
2016.05.02_23:00:46	1462222846	17.99	3.04	20.44
2016.05.03_00:00:43	1462226444	20.34	5.6	21.36
2016.05.03_01:00:34	1462230034	20.12	5.63	20.77
2016.05.03_02:00:44	1462233645	20.48	5.65	20.9
2016.05.03_03:00:35	1462237235	19.78	5.64	20.42
2016.05.03_04:00:43	1462240843	18.12	1.79	20.44
2016.05.03_05:00:38	1462244438	19.53	5.64	21.06
2016.05.03_06:00:41	1462248042	20.61	0.0	20.33
2016.05.03_07:00:31	1462251631	18.73	4.85	21.13
2016.05.03_08:00:45	1462255245	19.86	5.64	18.71
2016.05.03_09:00:32	1462258833	19.85	5.63	21.39
2016.05.03_10:00:40	1462262441	19.93	3.43	21.09
2016.05.03_11:00:53	1462266053	20.3	2.55	20.65
2016.05.03_12:00:35	1462269636	19.73	5.6	18.98
2016.05.03_13:01:28	1462273288	20.19	5.64	20.91
2016.05.03_14:00:34	1462276834	20.02	5.63	20.72
2016.05.03_15:00:40	1462280441	20.2	5.64	21.04
2016.05.03_16:00:46	1462284046	20.06	5.55	20.34
2016.05.03_17:00:40	1462287640	20.29	5.59	20.96
2016.05.03_18:00:33	1462291234	20.41	5.6	20.46
2016.05.03_19:00:43	1462294844	20.64	5.64	20.55
2016.05.03_20:00:38	1462298438	20.06	5.64	21.29
2016.05.03_21:00:34	1462302035	20.07	5.65	19.18
2016.05.03_22:00:44	1462305644	20.15	5.59	20.62
2016.05.03_23:00:36	1462309237	20.02	5.58	21.04
2016.05.04_00:00:31	1462312832	19.58	5.6	19.39
2016.05.04_01:00:46	1462316447	20.12	5.62	20.39
2016.05.04_02:00:36	1462320037	19.02	5.62	19.25
2016.05.04_03:00:39	1462323639	20.15	5.64	18.18
2016.05.04_04:00:50	1462327251	19.45	5.63	18.99
2016.05.04_05:00:50	1462330851	19.99	5.61	18.44
2016.05.04_06:01:10	1462334470	19.77	5.64	21.95
2016.05.04_07:00:50	1462338050	20.72	5.64	18.39
2016.05.04_08:01:23	1462341684	19.97	5.62	20.96
2016.05.04_09:00:38	1462345238	19.54	5.6	21.18
2016.05.04_10:00:47	1462348847	20.23	5.64	21.81
2016.05.04_11:00:43	1462352443	19.82	5.59	20.81
2016.05.04_12:00:52	1462356052	20.19	5.61	21.75
2016.05.04_13:00:45	1462359646	20.24	5.64	18.89
2016.05.04_14:00:50	1462363251	20.41	5.64	20.57
2016.05.04_15:00:43	1462366843	20.65	5.63	20.81
2016.05.04_16:00:49	1462370450	20.06	5.62	20.7
2016.05.04_17:00:49	1462374050	20.32	5.57	20.36
2016.05.04_18:00:34	1462377634	20.01	5.64	20.92
2016.05.04_19:00:50	1462381250	20.26	5.65	22.15
2016.05.04_20:00:46	1462384846	20.27	5.61	20.37
2016.05.04_21:00:45	1462388445	20.42	5.6	20.29
2016.05.04_22:00:48	1462392049	20.32	5.64	21.23
2016.05.04_23:00:39	1462395639	19.57	5.63	21.5
2016.05.05_00:00:42	1462399242	20.04	5.64	20.67
2016.05.05_01:00:54	1462402854	20.05	5.61	21.03
2016.05.05_02:00:53	1462406454	19.95	5.65	20.88
2016.05.05_03:00:48	1462410049	20.26	5.6	21.1
2016.05.05_04:00:44	1462413645	20.32	5.64	18.84
2016.05.05_05:00:40	1462417240	20.11	5.64	19.19
2016.05.05_06:01:00	1462420861	20.03	5.59	21.23
2016.05.05_07:00:40	1462424440	20.11	5.65	18.11
2016.05.05_08:00:50	1462428050	19.99	5.59	21.06
2016.05.05_09:00:47	1462431647	20.36	5.63	21.96
2016.05.05_10:00:49	1462435250	20.06	5.64	19.09
2016.05.05_11:01:03	1462438863	20.31	5.63	21.48
2016.05.05_12:00:39	1462442440	18.71	5.63	22.14
2016.05.05_13:00:35	1462446035	19.68	5.64	21.03
2016.05.05_14:00:51	1462449652	19.97	5.44	21.64
2016.05.05_15:00:40	1462453240	20.07	5.65	21.21
2016.05.05_16:00:32	1462456832	20.13	5.64	20.4
2016.05.05_17:00:49	1462460450	19.83	5.62	21.49
2016.05.05_18:00:41	1462464041	19.63	5.64	18.03
2016.05.05_19:00:52	1462467652	20.26	5.64	21.76
2016.05.05_20:00:48	1462471248	20.16	5.53	21.28
2016.05.05_21:00:51	1462474851	20.11	5.6	22.04
2016.05.05_22:00:32	1462478433	19.58	5.59	20.25
2016.05.05_23:00:52	1462482053	20.14	5.64	21.66
2016.05.06_00:00:47	1462485647	20.34	5.64	19.89
2016.05.06_01:00:40	1462489240	20.24	5.63	21.41
2016.05.06_02:00:40	1462492841	20.21	5.62	19.41
2016.05.06_03:00:43	1462496443	20.32	5.56	21.39
2016.05.06_04:00:47	1462500047	20.04	5.64	21.06
2016.05.06_05:00:54	1462503654	20.34	5.65	21.36
2016.05.06_06:00:46	1462507246	19.89	5.62	19.74
2016.05.06_07:00:52	1462510852	20.24	5.62	18.86
2016.05.06_08:00:34	1462514434	19.78	5.59	18.56
2016.05.06_09:00:49	1462518050	20.63	5.57	18.6
2016.05.06_10:00:52	1462521652	20.2	5.64	19.42
2016.05.06_11:00:51	1462525251	20.53	5.62	21.16
2016.05.06_12:00:47	1462528847	19.9	5.59	21.89
2016.05.06_13:00:42	1462532443	19.99	5.4	22.36
2016.05.06_14:00:40	1462536041	19.95	5.61	20.85
2016.05.06_15:00:38	1462539639	18.7	5.64	20.89
2016.05.06_17:00:44	1462546844	18.58	5.65	21.12
2016.05.06_18:00:50	1462550450	19.78	5.65	18.94
2016.05.06_19:00:53	1462554054	19.63	5.65	20.77
2016.05.06_20:00:46	1462557647	19.04	5.62	20.48
2016.05.06_21:00:48	1462561248	19.33	5.64	21.02
2016.05.06_22:00:45	1462564846	20.26	5.63	18.81
2016.05.06_23:00:43	1462568444	19.69	5.64	22.13
2016.05.07_00:00:42	1462572043	20.28	5.63	21.59
2016.05.07_01:00:36	1462575636	19.66	5.58	21.18
2016.05.07_02:00:54	1462579255	20.37	5.56	18.86
2016.05.07_03:00:46	1462582846	19.69	5.62	18.76
2016.05.07_04:00:38	1462586438	19.14	5.61	18.21
2016.05.07_05:00:52	1462590053	20.18	5.63	21.43
2016.05.07_06:00:46	1462593647	19.74	5.62	18.66
2016.05.07_07:00:36	1462597236	19.39	5.63	18.91
2016.05.07_08:00:48	1462600849	19.88	5.62	20.85
2016.05.07_09:00:45	1462604445	20.38	5.65	20.87
2016.05.07_10:00:35	1462608036	17.28	5.64	21.21
2016.05.07_11:00:40	1462611641	20.03	5.59	21.52
2016.05.07_12:00:55	1462615256	20.16	5.62	21.86
2016.05.07_13:00:50	1462618851	20.08	5.6	20.45
2016.05.07_14:00:52	1462622452	20.12	5.64	21.53
2016.05.07_15:00:45	1462626046	20.02	5.64	20.4
2016.05.07_17:00:38	1462633239	19.65	5.62	21.15
2016.05.07_18:00:46	1462636847	20.07	5.64	21.69
2016.05.07_19:00:36	1462640436	19.9	5.61	20.76
2016.05.07_20:00:45	1462644046	20.1	5.64	18.78
2016.05.07_21:00:46	1462647646	19.9	5.64	20.18
2016.05.07_22:00:49	1462651250	19.64	5.57	19.65
2016.05.07_23:00:33	1462654833	19.71	5.62	21.05
2016.05.08_00:00:59	1462658460	19.71	5.58	21.05
2016.05.08_01:00:39	1462662040	19.66	5.65	18.23
2016.05.08_02:00:47	1462665648	19.67	5.63	20.52
2016.05.08_03:00:37	1462669238	19.7	5.64	20.29
2016.05.08_04:00:52	1462672853	19.55	5.6	20.72
2016.05.08_05:00:48	1462676448	19.11	5.64	21.43
2016.05.08_06:00:59	1462680059	19.83	5.64	20.18
2016.05.08_07:00:57	1462683657	20.01	5.54	21.22
2016.05.08_08:01:02	1462687263	19.86	5.64	21.17
2016.05.08_09:00:56	1462690856	19.34	5.63	21.34
2016.05.08_10:01:09	1462694470	19.92	5.45	22.43
2016.05.08_11:00:59	1462698060	19.67	5.64	21.33
2016.05.08_12:01:08	1462701668	19.95	5.63	21.03
2016.05.08_13:00:36	1462705236	20.34	5.58	21.23
2016.05.08_14:00:41	1462708842	19.56	5.63	22.12
2016.05.08_15:00:41	1462712442	19.91	5.62	21.4
2016.05.08_16:00:36	1462716036	20.49	5.63	18.48
2016.05.08_17:00:39	1462719639	20.44	5.57	18.4
2016.05.08_18:00:37	1462723238	20.13	5.62	20.64
2016.05.08_19:00:45	1462726846	20.13	5.6	20.88
2016.05.08_20:00:37	1462730437	19.85	5.63	21.01
2016.05.08_21:00:50	1462734050	20.08	5.56	20.1
2016.05.08_22:00:51	1462737651	20.08	5.59	20.73
2016.05.08_23:00:35	1462741235	19.55	5.64	21.31
2016.05.09_00:00:45	1462744846	19.54	5.6	21.67
2016.05.09_01:00:45	1462748446	20.32	5.64	18.31
2016.05.09_02:00:42	1462752043	20.68	5.62	20.18
2016.05.09_03:00:39	1462755639	19.78	5.54	19.12
2016.05.09_04:00:36	1462759237	19.76	5.62	21.03
2016.05.09_05:00:35	1462762835	18.81	5.63	18.5
2016.05.09_06:01:02	1462766463	19.83	5.58	21.63
2016.05.09_07:00:46	1462770047	19.85	3.53	21.71
2016.05.09_08:01:01	1462773662	20.12	5.65	20.9
2016.05.09_09:00:55	1462777256	19.51	5.64	21.08
2016.05.09_10:01:13	1462780873	19.81	5.64	21.24
2016.05.09_11:00:47	1462784448	20.14	5.64	21.38
2016.05.09_12:00:34	1462788035	19.49	5.64	21.16
2016.05.09_13:00:43	1462791644	19.37	5.6	20.73
2016.05.09_14:00:45	1462795245	19.52	5.63	21.75
2016.05.09_15:00:46	1462798847	20.51	5.62	20.43
2016.05.09_16:00:55	1462802455	20.2	5.59	20.29
2016.05.09_17:00:47	1462806048	20.0	5.64	20.79
2016.05.09_18:00:35	1462809635	19.83	5.62	21.88
2016.05.09_19:00:43	1462813243	20.0	5.59	21.06
2016.05.09_20:00:38	1462816839	20.46	5.64	22.41
2016.05.09_21:00:33	1462820433	19.68	5.59	18.13
2016.05.09_22:00:42	1462824042	18.43	5.63	21.69
2016.05.09_23:00:41	1462827641	19.35	5.58	20.89
2016.05.10_00:00:41	1462831242	19.29	5.63	21.49
2016.05.10_01:00:47	1462834847	20.47	5.63	19.62
2016.05.10_02:00:46	1462838447	19.96	5.61	20.65
2016.05.10_03:00:47	1462842048	20.51	5.63	19.02
2016.05.10_04:01:01	1462845662	19.82	5.65	21.13
2016.05.10_05:00:55	1462849256	20.24	5.62	18.77
2016.05.10_06:00:49	1462852850	19.58	5.64	21.78
2016.05.10_07:00:54	1462856455	20.2	5.64	21.58
2016.05.10_08:00:42	1462860043	20.03	4.55	20.53
2016.05.10_09:00:45	1462863646	19.53	5.64	21.7
2016.05.10_10:00:38	1462867238	19.53	5.64	21.8
2016.05.10_11:00:47	1462870848	18.97	5.61	21.39
2016.05.10_12:00:44	1462874445	19.82	5.64	21.35
2016.05.10_13:00:37	1462878038	20.39	5.61	19.77
2016.05.10_14:00:49	1462881649	20.33	5.64	21.24
2016.05.10_15:00:36	1462885236	20.45	5.64	20.43
2016.05.10_16:00:37	1462888837	20.27	5.65	20.2
2016.05.10_17:00:48	1462892448	20.27	5.64	19.01
2016.05.10_18:00:46	1462896046	20.03	5.6	20.61
2016.05.10_19:00:52	1462899652	19.88	5.61	19.46
2016.05.10_20:00:49	1462903250	20.32	5.59	20.8
2016.05.10_21:00:50	1462906851	19.92	5.6	20.34
2016.05.10_22:00:47	1462910447	18.96	5.61	18.23
2016.05.10_23:00:49	1462914050	19.39	5.46	20.46
2016.05.11_00:00:43	1462917644	19.95	5.56	20.39
2016.05.11_01:00:41	1462921242	19.77	5.55	20.0
2016.05.11_02:00:54	1462924854	20.05	5.64	19.51
2016.05.11_03:00:52	1462928452	19.71	5.64	20.19
2016.06.02_09:17:06	1464851826	19.58	5.72	14.29
2016.06.03_01:00:29	1464908430	19.34	9.61	12.79
2016.06.03_01:01:37	1464908497	19.61	9.63	10.99
2016.06.03_02:00:41	1464912042	19.59	9.63	11.95
2016.06.03_03:00:39	1464915639	19.48	9.6	12.92
2016.06.03_04:00:37	1464919237	18.99	9.6	12.61
2016.06.03_05:00:31	1464922832	19.92	9.57	11.97
2016.06.03_05:01:33	1464922893	19.54	9.63	10.85
2016.06.03_06:00:48	1464926448	19.53	9.37	12.18
2016.06.03_07:00:35	1464930036	19.35	9.63	12.49
2016.06.03_07:01:33	1464930093	19.97	9.61	10.67
2016.06.03_08:00:42	1464933642	19.89	9.6	12.32
2016.06.03_09:00:37	1464937238	19.83	9.59	11.29
2016.06.03_10:00:38	1464940838	19.55	9.62	12.13
2016.06.03_11:00:32	1464944433	18.98	9.6	12.71
2016.06.03_11:01:31	1464944492	19.57	9.63	10.53
2016.06.03_12:00:35	1464948035	19.76	9.4	12.68
2016.06.03_12:01:33	1464948093	20.0	9.6	11.05
2016.06.03_13:00:36	1464951637	19.4	9.63	12.97
2016.06.03_13:01:40	1464951700	19.95	9.58	10.8
2016.06.03_14:01:11	1464955271	19.73	9.62	11.59
2016.06.03_15:00:34	1464958835	19.98	9.58	12.88
2016.06.03_15:01:32	1464958893	19.8	9.62	11.06
2016.06.03_16:00:35	1464962435	19.53	9.54	11.68
2016.06.03_16:01:30	1464962491	19.31	9.63	10.86
2016.06.03_17:00:31	1464966032	19.61	9.63	12.35
2016.06.03_17:01:25	1464966085	18.86	9.52	10.97
2016.06.03_18:00:35	1464969635	19.43	9.62	12.28
2016.06.03_18:01:30	1464969690	19.59	9.63	10.5
2016.06.03_19:00:39	1464973239	18.99	9.62	12.63
2016.06.03_20:00:41	1464976841	19.88	9.57	12.16
2016.06.03_21:00:32	1464980432	20.01	9.52	12.75
2016.06.03_21:01:38	1464980498	19.79	9.55	11.43
2016.06.03_22:00:39	1464984039	19.76	9.56	12.45
2016.06.03_23:00:40	1464987641	19.28	9.6	12.64
2016.06.04_00:00:28	1464991229	19.49	9.56	12.28
2016.06.04_00:01:33	1464991293	19.95	9.61	11.01
2016.06.04_01:00:32	1464994833	19.41	9.63	11.76
2016.06.04_01:01:36	1464994897	19.95	9.6	10.54
2016.06.04_02:00:37	1464998438	20.07	9.62	11.94
2016.06.04_03:00:35	1465002036	19.36	9.62	11.78
2016.06.04_03:01:32	1465002092	19.62	9.59	11.14
2016.06.04_04:00:34	1465005635	19.59	9.62	11.89
2016.06.04_04:01:27	1465005687	19.47	9.58	10.65
2016.06.04_05:00:35	1465009235	19.72	9.6	12.17
2016.06.04_05:01:39	1465009299	20.04	9.63	10.6
2016.06.04_06:00:46	1465012846	19.9	9.63	12.4
2016.06.04_07:00:34	1465016435	19.82	9.63	12.09
2016.06.04_07:01:36	1465016496	19.83	9.63	10.75
2016.06.04_08:00:40	1465020041	19.8	9.63	11.68
2016.06.04_09:00:38	1465023638	19.55	9.61	11.6
2016.06.04_10:00:31	1465027232	19.32	9.62	12.04
2016.06.04_10:01:24	1465027285	18.93	9.45	11.29
2016.06.04_11:00:39	1465030840	19.59	9.62	12.04
2016.06.04_12:00:40	1465034441	20.07	9.55	12.16
2016.06.04_13:00:35	1465038036	19.38	9.64	12.81
2016.06.04_13:01:34	1465038095	19.31	9.59	10.43
2016.06.04_14:00:29	1465041630	8.42	0.0	11.42
2016.06.06_00:00:33	1465164033	47.2	9.62	9.27
2016.06.06_21:39:44	1465241985	47.17	9.57	9.43
2016.06.06_22:00:33	1465243233	47.42	9.62	9.3
2016.06.06_22:01:28	1465243288	46.09	9.35	7.84
2016.06.06_23:00:33	1465246834	45.5	9.5	9.37
2016.06.06_23:01:28	1465246888	43.89	9.46	7.93
2016.06.07_00:00:32	1465250433	47.42	9.6	9.37
2016.06.07_01:00:32	1465254033	47.37	9.56	8.69
2016.06.07_02:00:33	1465257633	47.43	9.6	9.24
2016.06.07_03:00:30	1465261231	47.4	9.61	8.46
2016.06.07_03:01:24	1465261285	47.42	9.64	8.01
2016.06.07_04:00:32	1465264833	47.2	9.59	9.1
2016.06.07_05:00:33	1465268433	47.41	9.63	8.65
2016.06.07_06:00:37	1465272038	47.44	2.04	9.13
2016.06.07_07:00:33	1465275634	47.44	8.55	9.14
2016.06.07_08:00:37	1465279237	47.44	3.83	9.19
2016.06.07_09:00:33	1465282834	46.84	9.62	9.81
2016.06.07_10:00:54	1465286454	47.4	9.62	8.66
2016.06.07_11:00:32	1465290033	47.42	9.59	9.14
2016.06.07_11:01:25	1465290086	47.41	9.57	7.9
2016.06.07_12:00:33	1465293633	47.24	9.64	9.6
2016.06.07_12:01:27	1465293687	46.7	9.62	8.07
2016.06.07_13:00:33	1465297233	47.37	9.63	9.34
2016.06.07_13:01:26	1465297286	47.17	9.65	8.13
2016.06.07_14:00:33	1465300833	47.32	9.57	9.42
2016.06.07_14:01:27	1465300887	44.93	9.64	8.02
2016.06.07_15:00:35	1465304436	44.69	8.66	9.58
2016.06.07_15:01:29	1465304490	47.17	9.65	8.19
2016.06.07_16:00:33	1465308034	47.41	9.63	9.86
2016.06.07_16:01:26	1465308087	47.36	9.64	8.21
2016.06.07_17:00:33	1465311633	46.73	9.62	9.44
2016.06.07_17:01:26	1465311687	47.13	9.65	8.03
2016.06.07_18:00:33	1465315233	46.69	9.64	9.74
2016.06.07_18:01:27	1465315288	46.85	9.63	8.03
2016.06.07_19:00:29	1465318829	47.25	9.64	9.43
2016.06.07_19:01:22	1465318882	47.29	9.64	7.98
2016.06.07_20:00:34	1465322434	47.16	9.59	9.31
2016.06.07_20:01:27	1465322488	47.06	9.64	8.31
2016.06.07_21:00:33	1465326034	46.26	9.64	9.42
2016.06.07_21:01:27	1465326088	47.35	9.64	8.33
2016.06.07_22:00:33	1465329634	47.35	9.64	9.52
2016.06.07_22:01:27	1465329688	47.33	9.63	8.18
2016.06.07_23:00:32	1465333233	47.15	9.49	9.94
2016.06.07_23:01:26	1465333286	47.34	9.65	7.96
2016.06.08_00:00:34	1465336835	39.41	9.65	9.31
2016.06.08_00:01:28	1465336888	46.68	9.65	8.06
2016.06.08_01:00:33	1465340433	47.39	9.64	9.41
2016.06.08_01:01:26	1465340486	47.33	9.64	8.03
2016.06.08_02:00:33	1465344033	47.17	9.64	8.68
2016.06.08_02:01:27	1465344087	46.79	9.64	8.1
2016.06.08_03:00:33	1465347633	46.95	9.61	9.48
2016.06.08_03:01:26	1465347687	47.4	9.65	8.09
2016.06.08_04:00:33	1465351233	47.43	9.64	8.64
2016.06.08_04:01:26	1465351287	47.29	9.64	8.15
2016.06.08_05:00:37	1465354837	39.05	9.62	9.31
2016.06.08_05:01:30	1465354891	47.43	9.63	8.14
2016.06.08_06:00:33	1465358434	47.02	9.64	9.15
2016.06.08_06:01:28	1465358488	47.42	9.6	8.14
2016.06.08_07:00:33	1465362033	47.43	9.64	8.72
2016.06.08_07:01:26	1465362087	47.34	9.59	8.28
2016.06.08_08:00:33	1465365633	47.33	9.58	9.29
2016.06.08_08:01:26	1465365687	46.67	9.64	8.06
2016.06.08_09:00:33	1465369233	46.9	9.64	9.47
2016.06.08_09:01:26	1465369287	47.41	9.64	8.22
2016.06.08_10:00:33	1465372834	46.38	9.64	9.81
2016.06.08_10:01:27	1465372887	46.7	9.64	8.22
2016.06.08_11:00:33	1465376433	47.17	9.65	9.59
2016.06.08_11:01:28	1465376488	47.4	9.57	8.17
2016.06.08_12:00:33	1465380033	46.78	9.64	9.74
2016.06.08_12:01:26	1465380087	47.41	9.58	8.13
2016.06.08_13:00:33	1465383633	47.43	9.58	10.42
2016.06.08_13:01:27	1465383687	46.5	9.65	8.11
2016.06.08_14:00:33	1465387233	47.43	9.57	8.68
2016.06.08_14:01:26	1465387287	47.15	9.65	8.03
2016.06.08_15:00:33	1465390833	47.11	9.65	9.44
2016.06.08_15:01:26	1465390887	47.41	9.64	8.16
2016.06.08_16:00:33	1465394433	47.4	9.64	8.67
2016.06.08_16:01:26	1465394487	47.41	9.6	8.14
2016.06.08_17:00:33	1465398034	46.95	9.64	9.23
2016.06.08_17:01:28	1465398089	47.42	9.64	8.08
2016.06.08_18:00:35	1465401635	47.38	9.65	9.57
2016.06.08_18:01:28	1465401689	46.89	9.64	8.06
2016.06.08_19:00:33	1465405233	47.38	9.59	9.64
2016.06.08_19:01:26	1465405287	47.41	9.65	7.95
2016.06.08_20:00:33	1465408833	47.34	9.64	8.93
2016.06.08_20:01:26	1465408887	47.43	9.62	8.45
2016.06.08_21:00:33	1465412434	46.85	9.59	9.52
2016.06.08_21:01:27	1465412488	47.39	9.65	8.23
2016.06.08_22:00:33	1465416034	47.25	9.64	9.55
2016.06.08_22:01:28	1465416088	46.84	9.61	8.27
2016.06.08_23:00:33	1465419634	46.46	9.58	9.32
2016.06.08_23:01:27	1465419687	46.77	9.65	8.15
2016.06.09_00:00:34	1465423234	47.43	9.64	8.8
2016.06.09_00:01:27	1465423288	47.37	9.59	8.17
2016.06.09_01:00:33	1465426833	47.22	9.65	8.6
2016.06.09_01:01:27	1465426887	47.4	9.58	8.26
2016.06.09_02:00:33	1465430433	47.43	9.58	9.48
2016.06.09_02:01:26	1465430487	47.34	9.65	8.19
2016.06.09_03:00:33	1465434033	47.07	9.65	9.54
2016.06.09_03:01:26	1465434087	47.36	9.64	8.14
2016.06.09_04:00:33	1465437634	47.04	9.64	9.42
2016.06.09_04:01:27	1465437687	47.16	9.65	8.15
2016.06.09_05:00:33	1465441233	46.79	9.65	9.18
2016.06.09_05:01:22	1465441283	47.07	9.58	8.13
2016.06.09_06:00:35	1465444835	47.42	9.58	9.83
2016.06.09_06:01:28	1465444889	47.14	9.64	8.1
2016.06.09_07:00:33	1465448433	46.7	9.65	8.04
2016.06.09_07:01:27	1465448487	47.14	9.65	8.14
2016.06.09_08:00:34	1465452034	46.41	9.64	9.31
2016.06.09_08:01:28	1465452088	47.19	9.65	8.14
2016.06.09_09:00:33	1465455633	47.24	9.45	9.22
2016.06.09_09:01:29	1465455690	47.2	9.62	8.1
2016.06.09_10:00:33	1465459233	47.4	9.64	9.47
2016.06.09_10:01:26	1465459287	47.14	9.63	8.22
2016.06.09_11:00:33	1465462834	47.31	9.64	9.78
2016.06.09_11:01:28	1465462888	46.44	9.58	8.13
2016.06.09_12:00:33	1465466433	47.2	9.64	9.79
2016.06.09_12:01:23	1465466484	46.37	9.65	7.98
2016.06.09_13:00:33	1465470034	47.17	9.64	9.78
2016.06.09_13:01:27	1465470087	47.42	9.64	8.06
2016.06.09_14:00:33	1465473634	47.09	9.57	8.99
2016.06.09_14:01:27	1465473687	47.37	9.64	8.05
2016.06.09_16:00:38	1465480838	11.48	9.5	16.01
2016.06.09_20:00:39	1465495240	11.7	9.52	23.7
2016.06.09_21:00:37	1465498837	12.07	9.61	16.74
2016.06.09_21:01:32	1465498892	11.17	9.53	14.93
2016.06.09_22:00:48	1465502449	11.76	9.53	19.02
2016.06.09_23:00:28	1465506028	18.69	9.62	11.33
2016.06.09_23:01:23	1465506084	18.68	9.6	11.41
2016.06.10_00:00:31	1465509632	18.6	9.64	11.05
2016.06.10_00:01:33	1465509694	19.8	9.54	10.19
2016.06.10_01:00:40	1465513240	19.33	3.1	11.06
2016.06.10_02:00:27	1465516828	19.29	9.42	11.34
2016.06.10_02:01:32	1465516892	18.59	3.49	9.64
2016.06.10_03:00:34	1465520434	19.71	9.61	11.14
2016.06.10_03:01:36	1465520496	19.5	3.79	9.79
2016.06.10_04:00:28	1465524028	19.04	2.64	11.1
2016.06.10_04:01:26	1465524087	19.12	9.57	10.1
2016.06.10_05:00:32	1465527632	18.46	9.17	11.64
2016.06.10_05:01:21	1465527681	19.43	9.62	10.14
2016.06.10_06:00:30	1465531230	18.88	9.56	12.45
2016.06.10_06:01:23	1465531283	18.79	9.62	19.15
2016.06.10_07:00:30	1465534831	19.73	9.63	10.43
2016.06.10_07:01:38	1465534898	19.2	9.59	26.0
2016.06.10_08:00:31	1465538431	19.39	9.61	11.69
2016.06.10_08:01:33	1465538493	19.16	9.61	9.93
2016.06.10_09:00:32	1465542033	18.12	3.1	12.39
2016.06.10_09:01:31	1465542092	17.26	9.63	9.93
2016.06.10_10:00:36	1465545637	17.5	9.54	12.14
2016.06.10_10:01:38	1465545699	19.02	9.61	10.19
2016.06.10_11:00:43	1465549244	17.64	9.56	11.21
2016.06.10_12:00:47	1465552847	18.64	4.02	10.53
2016.06.10_13:00:34	1465556435	19.18	9.53	12.09
2016.06.10_13:01:29	1465556490	19.07	9.63	9.44
2016.06.10_14:00:27	1465560028	19.19	9.6	11.46
2016.06.10_14:01:22	1465560083	18.85	7.39	12.51
2016.06.10_15:00:38	1465563639	17.78	3.13	11.66
2016.06.10_15:01:42	1465563703	19.61	3.31	10.09
2016.06.10_16:00:29	1465567229	17.76	9.62	11.0
2016.06.10_16:01:23	1465567283	17.55	9.58	9.85
2016.06.10_17:00:39	1465570840	19.8	9.63	10.39
2016.06.10_18:00:38	1465574438	19.46	9.63	11.73
2016.06.10_18:01:33	1465574494	18.98	9.64	10.07
2016.06.10_19:00:30	1465578031	19.26	2.96	10.44
2016.06.10_19:01:26	1465578086	19.06	9.63	11.4
2016.06.10_20:00:37	1465581637	20.05	9.59	11.3
2016.06.10_20:01:28	1465581689	20.44	9.59	10.56
2016.06.10_21:00:29	1465585229	17.81	9.61	10.9
2016.06.10_21:01:21	1465585281	19.11	9.62	10.22
2016.06.10_22:00:29	1465588830	32.35	9.63	11.02
2016.06.10_22:01:22	1465588882	30.66	9.62	9.56
2016.06.10_23:00:30	1465592431	30.99	9.56	10.76
2016.06.10_23:01:22	1465592482	31.37	9.63	10.77
2016.06.11_00:00:30	1465596031	32.17	9.3	12.36
2016.06.11_00:01:24	1465596084	31.17	9.37	25.88
2016.06.11_01:00:30	1465599630	32.03	9.63	10.93
2016.06.11_01:01:22	1465599682	30.57	9.64	9.78
2016.06.11_02:00:42	1465603242	32.3	9.57	11.24
2016.06.11_03:00:29	1465606830	32.77	9.61	11.2
2016.06.11_03:01:20	1465606880	32.83	9.64	9.68
2016.06.11_04:00:36	1465610436	32.15	9.58	12.3
2016.06.11_04:01:27	1465610488	31.63	9.57	9.56
2016.06.11_05:00:33	1465614034	31.8	9.55	11.52
2016.06.11_05:01:30	1465614091	32.33	9.63	9.83
2016.06.11_06:00:29	1465617630	33.19	9.62	11.14
2016.06.11_06:01:21	1465617681	31.23	9.64	9.89
2016.06.11_07:00:32	1465621233	31.92	9.63	12.01
2016.06.11_07:01:23	1465621284	32.3	9.63	10.05
2016.06.11_08:00:34	1465624834	30.78	9.61	12.39
2016.06.11_08:01:24	1465624885	32.86	9.62	9.98
2016.06.11_09:00:29	1465628430	32.71	9.59	11.36
2016.06.11_09:01:21	1465628481	31.21	9.63	9.64
2016.06.11_10:00:29	1465632030	33.21	9.57	11.45
2016.06.11_10:01:20	1465632081	32.18	9.57	9.77
2016.06.11_11:00:32	1465635633	29.39	9.25	11.38
2016.06.11_11:01:25	1465635685	29.72	9.6	12.42
2016.06.11_12:00:31	1465639231	31.23	9.41	11.1
2016.06.11_12:01:24	1465639284	28.73	9.6	10.32
2016.06.11_13:00:36	1465642837	23.04	9.62	10.8
2016.06.11_13:01:35	1465642895	22.62	9.62	10.27
2016.06.11_14:00:38	1465646439	25.41	9.62	11.48
2016.06.11_14:01:36	1465646496	23.08	9.59	9.83
2016.06.11_15:00:31	1465650032	29.59	9.62	11.54
2016.06.11_15:01:25	1465650086	27.39	9.62	9.91
2016.06.11_16:00:31	1465653632	30.41	9.61	11.06
2016.06.11_16:01:25	1465653685	29.04	9.63	9.57
2016.06.11_17:00:32	1465657232	31.28	9.55	11.49
2016.06.11_17:01:26	1465657287	29.37	9.36	9.76
2016.06.11_18:00:29	1465660830	33.42	9.64	11.29
2016.06.11_18:01:20	1465660881	31.25	9.64	9.8
2016.06.11_19:00:29	1465664430	33.43	9.54	11.21
2016.06.11_19:01:21	1465664481	31.1	9.64	9.85
2016.06.11_20:00:41	1465668041	34.5	9.24	11.21
2016.06.11_21:00:35	1465671635	12.95	9.58	11.8
2016.06.11_21:01:31	1465671692	25.93	9.61	9.83
2016.06.11_22:00:42	1465675243	19.16	9.51	11.62
2016.06.11_23:00:44	1465678844	17.71	9.51	12.46
2016.06.12_00:00:33	1465682434	26.49	9.6	11.3
2016.06.12_00:01:27	1465682487	28.58	9.61	10.03
2016.06.12_01:00:38	1465686038	25.71	9.59	10.94
2016.06.12_01:01:34	1465686094	24.48	9.59	9.69
2016.06.12_02:00:35	1465689635	25.41	9.63	11.02
2016.06.12_02:01:31	1465689692	24.61	9.52	10.44
2016.06.12_03:00:33	1465693234	26.41	9.62	11.48
2016.06.12_03:01:30	1465693291	25.06	9.59	9.97
2016.06.12_04:00:33	1465696834	26.51	9.59	11.14
2016.06.12_04:01:30	1465696890	24.82	9.58	10.78
2016.06.12_05:00:35	1465700435	24.58	9.57	11.08
2016.06.12_05:01:31	1465700491	25.24	9.61	10.96
2016.06.12_06:00:35	1465704036	25.08	9.61	11.24
2016.06.12_06:01:32	1465704093	24.74	9.54	9.97
2016.06.12_07:00:34	1465707634	26.05	9.6	11.53
2016.06.12_07:01:29	1465707690	25.29	9.63	9.91
2016.06.12_08:00:34	1465711235	24.98	9.61	11.03
2016.06.12_08:01:30	1465711291	25.63	9.6	10.2
2016.06.12_09:00:35	1465714836	24.09	9.62	11.2
2016.06.12_09:01:31	1465714891	25.54	9.63	9.69
2016.06.12_10:00:35	1465718435	24.93	9.63	11.24
2016.06.12_10:01:31	1465718491	25.19	9.56	10.2
2016.06.12_11:00:40	1465722040	18.06	6.11	16.48
2016.06.12_12:00:36	1465725637	22.46	9.6	11.24
2016.06.12_12:01:47	1465725707	21.48	8.48	9.85
2016.06.12_13:00:37	1465729238	22.78	9.41	11.29
2016.06.12_13:01:35	1465729296	22.22	9.3	10.42
2016.06.12_14:00:40	1465732841	20.01	9.56	12.99
2016.06.12_15:00:32	1465736433	15.71	7.25	11.91
2016.06.12_15:01:41	1465736502	19.23	9.56	11.4
2016.06.12_16:00:35	1465740035	18.74	9.62	10.75
2016.06.12_16:01:39	1465740099	19.01	9.59	10.24
2016.06.12_17:00:46	1465743646	16.74	9.35	16.52
2016.06.12_18:01:12	1465747273	15.03	9.4	16.68
2016.06.12_19:00:38	1465750839	21.11	9.61	11.8
2016.06.12_19:01:38	1465750899	21.06	9.59	11.32
2016.06.12_20:00:43	1465754443	17.57	9.55	11.4
2016.06.12_21:00:39	1465758040	17.1	3.84	11.51
2016.06.12_22:00:44	1465761644	18.51	9.55	11.75
2016.06.12_23:00:44	1465765244	17.45	9.56	11.31
2016.06.13_00:00:45	1465768846	17.14	7.11	11.88
2016.06.13_01:00:44	1465772444	17.49	9.58	10.72
2016.06.13_02:00:44	1465776044	17.62	9.51	10.94
2016.06.13_03:00:44	1465779644	17.91	9.62	11.35
2016.06.13_04:00:43	1465783243	17.99	9.58	10.88
2016.06.13_05:00:43	1465786844	17.68	6.55	11.25
2016.06.13_06:00:43	1465790443	18.04	9.54	11.24
2016.06.13_07:00:36	1465794036	17.53	5.2	11.09
2016.06.13_07:01:38	1465794098	17.28	9.57	9.82
2016.06.13_08:00:38	1465797638	16.87	9.47	14.49
2016.06.13_08:01:43	1465797704	17.48	9.57	10.28
2016.06.13_09:00:40	1465801241	17.39	6.47	12.14
2016.06.13_10:00:38	1465804838	18.99	7.25	12.18
2016.06.13_10:01:36	1465804897	17.07	7.08	9.81
2016.06.13_11:00:34	1465808435	16.71	9.6	11.23
2016.06.13_11:01:44	1465808505	16.36	2.98	10.55
2016.06.13_12:00:43	1465812044	17.78	9.59	11.55
2016.06.13_13:00:44	1465815645	17.92	9.55	10.78
2016.06.13_14:00:38	1465819238	17.32	6.57	11.23
2016.06.13_14:01:44	1465819304	17.8	9.52	9.97
2016.06.13_15:00:34	1465822835	17.3	9.49	10.69
2016.06.13_15:01:41	1465822902	17.58	9.59	11.64
2016.06.13_16:00:42	1465826443	18.41	9.6	11.43
2016.06.13_17:00:43	1465830043	18.29	9.54	10.39
2016.06.13_18:00:44	1465833644	17.93	9.22	11.6
2016.06.13_19:00:39	1465837240	21.42	9.57	11.73
2016.06.13_20:00:41	1465840842	10.58	9.51	13.46
2016.06.13_21:00:39	1465844439	22.93	9.59	12.71
2016.06.13_22:01:05	1465848066	33.94	9.61	11.72
2016.06.13_23:00:41	1465851641	37.18	9.6	11.63
2016.06.14_00:00:35	1465855235	26.11	8.94	11.46
2016.06.14_00:01:32	1465855292	25.26	9.58	10.04
2016.06.14_01:00:35	1465858836	24.63	9.53	11.34
2016.06.14_01:01:35	1465858895	24.44	9.63	9.85
2016.06.14_02:00:36	1465862436	24.61	9.58	11.84
2016.06.14_02:01:33	1465862494	23.98	9.61	10.25
2016.06.14_03:00:35	1465866036	25.44	9.63	10.87
2016.06.14_03:01:32	1465866093	24.89	9.62	10.14
2016.06.14_04:00:35	1465869635	25.46	9.55	11.5
2016.06.14_04:01:33	1465869693	25.87	9.56	24.9
2016.06.14_05:00:35	1465873236	24.67	9.56	11.12
2016.06.14_05:01:34	1465873294	24.48	9.61	12.89
2016.06.14_06:00:38	1465876839	25.08	9.55	11.54
2016.06.14_07:00:36	1465880437	23.77	9.51	10.46
2016.06.14_07:01:33	1465880494	25.7	9.62	11.3
2016.06.14_08:00:33	1465884033	28.36	9.59	11.42
2016.06.16_23:00:41	1466110842	19.83	2.98	11.79
2016.06.17_00:00:36	1466114437	19.41	2.92	11.74
2016.06.17_00:01:31	1466114492	19.77	9.6	10.04
2016.06.17_01:00:31	1466118032	19.98	9.6	11.52
2016.06.17_01:01:34	1466118094	19.03	6.8	9.91
2016.06.17_02:00:44	1466121645	19.53	9.6	10.98
2016.06.17_03:00:40	1466125241	19.75	9.57	11.11
2016.06.17_04:00:30	1466128831	19.79	9.55	10.54
2016.06.17_04:01:32	1466128893	19.49	9.63	9.87
2016.06.17_05:00:40	1466132441	19.96	9.62	11.45
2016.06.17_06:00:36	1466136037	18.03	8.48	10.99
2016.06.17_06:01:28	1466136089	20.0	9.62	11.19
2016.06.17_07:00:31	1466139632	18.83	9.57	11.81
2016.06.17_07:01:26	1466139687	18.9	3.41	10.07
2016.06.17_08:00:42	1466143243	18.28	9.52	11.69
2016.06.17_09:00:41	1466146841	19.39	9.61	12.1
2016.06.17_10:00:28	1466150428	19.19	9.35	10.66
2016.06.17_10:01:32	1466150493	19.53	3.41	10.27
2016.06.17_11:00:30	1466154031	19.54	9.6	12.21
2016.06.17_11:01:32	1466154093	19.69	9.6	10.35
2016.06.17_12:00:37	1466157637	19.68	3.19	10.7
2016.06.17_12:01:39	1466157699	19.33	9.58	10.36
2016.06.17_13:00:32	1466161232	18.37	3.1	11.84
2016.06.17_13:01:26	1466161286	19.32	9.63	10.22
2016.06.17_14:00:41	1466164842	16.31	2.77	11.79
2016.06.17_15:00:43	1466168444	18.47	2.4	11.2
2016.06.17_16:00:40	1466172041	19.39	9.57	11.9
2016.06.17_17:00:32	1466175633	6.26	0.0	10.71
2016.06.17_17:02:05	1466175725	18.86	9.4	9.9
2016.06.17_18:00:31	1466179232	19.46	9.61	11.47
2016.06.17_18:01:29	1466179290	19.58	7.75	9.94
2016.06.17_19:00:37	1466182838	19.42	9.52	11.72
2016.06.17_19:01:31	1466182891	19.18	9.58	10.53
2016.06.17_20:00:43	1466186443	18.13	9.47	11.67
2016.06.17_21:00:36	1466190037	14.87	9.58	12.68
2016.06.17_21:01:29	1466190090	14.89	9.54	14.44
2016.06.17_22:00:32	1466193633	17.58	9.5	11.12
2016.06.17_22:01:28	1466193688	19.27	9.53	9.54
2016.06.17_23:00:41	1466197242	19.07	9.62	11.46
2016.06.18_00:00:28	1466200828	18.13	2.83	11.71
2016.06.18_00:01:31	1466200891	14.92	9.04	10.36
2016.06.18_01:00:35	1466204435	18.56	9.62	11.24
2016.06.18_01:01:26	1466204487	19.45	9.62	10.53
2016.06.18_02:00:43	1466208044	17.62	9.64	10.85
2016.06.18_03:00:33	1466211634	19.36	6.53	10.97
2016.06.18_03:01:28	1466211689	16.35	9.57	9.78
2016.06.18_04:00:44	1466215245	18.69	2.18	10.46
2016.06.18_05:00:41	1466218842	18.76	9.64	11.89
2016.06.18_06:00:42	1466222442	18.22	9.61	9.91
2016.06.18_07:00:47	1466226047	17.31	3.22	11.42
2016.06.18_08:00:38	1466229639	17.07	6.35	11.98
2016.06.18_08:01:47	1466229708	18.65	9.64	10.08
2016.06.18_09:00:44	1466233244	19.88	2.06	10.94
2016.06.18_10:00:35	1466236835	18.44	9.63	11.46
2016.06.18_10:01:38	1466236899	18.37	9.59	10.41
2016.06.18_11:00:34	1466240435	18.49	5.07	11.82
2016.06.18_11:01:32	1466240493	19.53	9.64	10.03
2016.06.18_12:00:41	1466244041	19.18	9.52	10.82
2016.06.18_13:00:33	1466247633	17.82	9.6	12.06
2016.06.18_13:01:33	1466247693	18.83	4.94	9.88
2016.06.18_14:00:40	1466251241	19.66	2.93	10.84
2016.06.18_15:00:45	1466254846	17.88	8.49	10.95
2016.06.18_16:00:38	1466258438	15.55	3.54	19.42
2016.06.18_16:01:29	1466258490	16.36	9.61	10.14
2016.06.18_17:00:39	1466262040	18.05	9.62	12.16
2016.06.18_18:00:29	1466265629	19.91	9.51	12.1
2016.06.18_18:01:18	1466265678	17.88	3.09	10.93
2016.06.18_19:00:43	1466269244	19.09	9.55	11.65
2016.06.18_20:00:40	1466272841	16.49	1.62	21.07
2016.06.18_21:00:38	1466276438	19.55	9.56	11.82
2016.06.18_22:00:42	1466280043	19.13	9.55	12.87
2016.06.18_23:00:31	1466283632	19.08	6.55	11.84
2016.06.18_23:01:32	1466283693	18.94	7.34	9.96
2016.06.19_00:00:33	1466287234	18.41	2.73	10.71
2016.06.19_00:01:29	1466287290	19.68	9.57	10.34
2016.06.19_01:00:35	1466290836	18.39	9.62	12.72
2016.06.19_01:01:42	1466290902	19.3	3.06	10.62
2016.06.19_02:00:47	1466294447	19.51	9.63	12.32
2016.06.19_03:00:35	1466298036	18.85	9.63	11.33
2016.06.19_03:01:30	1466298091	19.73	2.87	10.36
2016.06.19_04:00:45	1466301646	19.96	9.61	11.33
2016.06.19_05:00:35	1466305235	19.32	9.61	11.59
2016.06.19_05:01:24	1466305285	19.17	9.64	10.19
2016.06.19_06:00:30	1466308830	18.17	9.6	11.11
2016.06.19_06:01:25	1466308886	19.33	9.62	10.13
2016.06.19_07:00:33	1466312433	18.03	2.87	11.28
2016.06.19_07:01:26	1466312486	19.42	2.82	10.53
2016.06.19_08:00:36	1466316036	18.84	9.61	12.81
2016.06.19_08:01:36	1466316097	18.85	9.5	10.48
2016.06.19_09:00:41	1466319641	19.78	3.16	12.42
2016.06.19_10:00:36	1466323236	19.21	9.59	11.94
2016.06.19_10:01:41	1466323302	18.52	9.62	11.52
2016.06.19_11:00:30	1466326831	17.46	9.64	11.5
2016.06.19_11:01:26	1466326887	17.98	9.62	11.01
2016.06.19_12:00:32	1466330432	19.69	9.62	10.44
2016.06.19_12:01:31	1466330491	19.53	9.62	10.95
2016.06.19_13:00:32	1466334033	17.89	2.85	12.01
2016.06.19_22:00:43	1466366443	33.23	9.35	11.4
2016.06.20_22:00:29	1466452829	41.89	9.57	11.57
2016.06.20_22:01:23	1466452884	40.02	9.64	9.51
2016.06.20_23:00:36	1466456436	41.46	9.57	11.51
2016.06.20_23:01:23	1466456484	40.54	9.59	10.09
2016.06.21_00:00:34	1466460035	43.85	9.57	10.39
2016.06.21_00:01:24	1466460084	42.31	9.64	9.63
2016.06.21_01:00:30	1466463630	41.12	9.44	12.95
2016.06.21_01:01:20	1466463680	40.35	9.58	9.43
2016.06.21_02:00:31	1466467231	42.71	9.19	11.2
2016.06.21_02:01:30	1466467291	43.09	9.63	9.73
2016.06.21_03:00:36	1466470837	41.88	9.64	11.19
2016.06.21_03:01:31	1466470891	41.58	9.64	9.46
2016.06.21_04:00:33	1466474434	42.31	9.63	12.33
2016.06.21_04:01:30	1466474491	41.33	9.63	9.79
2016.06.21_05:00:35	1466478035	43.32	9.62	11.54
2016.06.21_05:01:27	1466478087	42.41	9.59	9.8
2016.06.21_06:00:31	1466481631	41.47	9.63	11.25
2016.06.21_06:01:27	1466481688	42.26	9.57	10.02
2016.06.21_07:00:33	1466485233	38.28	8.99	9.94
2016.06.21_07:01:30	1466485290	42.14	9.62	10.32
2016.06.21_08:00:31	1466488831	41.94	9.64	11.24
2016.06.21_08:01:20	1466488881	40.76	9.64	10.02
2016.06.21_09:00:35	1466492436	42.01	9.56	10.92
2016.06.21_09:01:31	1466492492	42.84	9.64	10.1
2016.06.21_10:00:33	1466496034	43.3	9.59	12.05
2016.06.21_10:01:23	1466496083	42.31	9.57	9.56
2016.06.21_11:00:35	1466499636	42.87	9.62	11.73
2016.06.21_11:01:32	1466499692	42.89	9.55	9.79
2016.06.21_12:00:35	1466503235	42.52	9.63	10.52
2016.06.21_12:01:25	1466503285	41.66	9.56	9.52
2016.06.21_13:00:35	1466506836	43.11	9.63	11.72
2016.06.21_13:01:25	1466506885	40.88	9.63	10.06
2016.06.21_14:00:36	1466510437	40.59	9.63	11.15
2016.06.21_14:01:26	1466510487	40.15	9.62	10.21
2016.06.21_15:00:28	1466514029	41.96	9.57	9.82
2016.06.21_23:00:33	1466542834	41.39	9.57	10.67
2016.06.21_23:01:27	1466542887	42.03	9.63	9.77
2016.06.22_00:00:35	1466546436	43.8	9.56	10.28
2016.06.22_00:01:31	1466546491	44.09	9.64	9.76
2016.06.22_01:00:29	1466550029	40.98	9.64	9.93
2016.06.22_01:01:24	1466550085	42.76	9.6	9.77
2016.06.22_02:00:34	1466553635	40.71	9.45	11.03
2016.06.22_02:01:26	1466553687	40.09	9.58	9.76
2016.06.22_03:00:35	1466557236	41.74	9.63	10.74
2016.06.22_03:01:23	1466557283	40.91	9.63	9.47
2016.06.22_04:00:36	1466560836	41.46	9.62	10.37
2016.06.22_04:01:25	1466560886	40.31	9.61	9.49
2016.06.22_05:00:35	1466564436	42.42	9.62	11.6
2016.06.22_05:01:32	1466564492	42.23	9.6	9.77
2016.06.22_06:00:42	1466568042	42.84	9.5	10.82
2016.06.22_07:00:26	1466571627	40.83	9.62	11.13
2016.06.22_07:01:22	1466571683	42.35	9.62	9.72
2016.06.22_08:00:35	1466575236	42.03	9.63	10.12
2016.06.22_08:01:28	1466575288	40.18	9.58	9.83
2016.06.22_09:00:30	1466578831	42.13	9.63	11.51
2016.06.22_09:01:27	1466578887	42.7	9.63	9.78
2016.06.22_10:00:33	1466582434	41.74	9.63	11.76
2016.06.22_10:01:29	1466582489	43.1	9.56	9.76
2016.06.22_11:00:35	1466586036	42.42	9.61	10.35
2016.06.22_11:01:29	1466586090	41.32	9.63	9.48
2016.06.22_12:00:36	1466589636	42.02	9.64	11.53
2016.06.22_12:01:32	1466589693	43.02	9.63	9.85
2016.06.22_13:00:33	1466593234	41.25	9.57	11.08
2016.06.22_13:01:20	1466593281	41.16	9.64	10.01
2016.06.22_14:00:36	1466596836	43.11	9.59	11.3
2016.06.22_14:01:32	1466596892	42.83	9.58	9.85
2016.06.22_15:00:35	1466600436	42.62	9.64	11.3
2016.06.25_11:00:39	1466845240	18.85	6.37	11.61
2016.06.26_15:00:42	1466946042	19.3	9.28	12.18
2016.06.26_16:00:41	1466949642	19.42	9.62	12.98
2016.06.26_17:00:36	1466953237	18.96	9.37	14.27
2016.06.26_17:01:45	1466953306	7.07	9.62	27.5
2016.06.26_18:00:48	1466956848	14.98	9.57	11.54
2016.06.26_19:00:28	1466960429	18.78	9.49	11.3
2016.06.26_19:01:41	1466960501	8.57	7.12	9.86
2016.06.26_20:01:22	1466964082	11.57	0.23	11.99
2016.06.26_21:00:43	1466967644	19.05	8.05	12.1
2016.06.26_22:00:41	1466971241	4.5	6.62	23.87
2016.06.26_23:00:41	1466974842	8.99	9.63	17.97
2016.06.27_00:00:46	1466978446	16.98	9.62	11.83
2016.06.27_01:00:38	1466982039	7.69	9.63	13.5
2016.06.27_01:01:39	1466982100	19.51	9.61	9.88
2016.06.27_02:00:39	1466985640	8.57	9.56	15.03
2016.06.27_03:00:38	1466989239	18.53	9.51	10.61
2016.06.27_03:01:31	1466989292	18.48	9.62	9.89
2016.06.27_04:00:50	1466992850	7.84	8.03	14.16
2016.06.27_05:00:40	1466996441	10.07	9.63	12.69
2016.06.27_06:00:57	1467000058	7.6	9.63	11.22
2016.06.27_07:01:16	1467003677	11.79	0.46	11.71
2016.06.27_08:00:57	1467007257	16.3	0.46	12.09
2016.06.27_09:00:40	1467010841	17.22	9.44	11.51
2016.06.27_10:00:45	1467014446	9.68	1.07	12.15
2016.06.27_11:00:37	1467018037	18.82	9.62	12.39
2016.06.27_11:02:34	1467018154	5.56	9.47	9.73
2016.06.27_12:00:43	1467021644	18.05	9.53	11.18
2016.06.27_13:00:59	1467025260	8.95	9.12	12.58
2016.06.27_14:00:50	1467028851	15.61	0.7	11.21
2016.06.27_15:00:31	1467032432	15.75	9.38	11.08
2016.06.27_15:01:26	1467032487	19.5	9.54	11.03
2016.06.27_16:00:28	1467036028	8.94	9.37	11.1
2016.06.27_16:01:28	1467036088	15.92	9.4	9.85
2016.06.27_17:00:35	1467039636	16.1	9.63	12.46
2016.06.27_17:01:29	1467039690	8.29	4.08	10.4
2016.06.27_18:00:33	1467043233	16.77	9.1	25.3
2016.06.27_18:01:38	1467043298	13.56	9.62	10.65
2016.06.27_19:01:04	1467046865	8.44	2.81	14.38
2016.06.27_20:00:33	1467050434	16.84	9.47	12.09
2016.06.27_20:01:29	1467050490	16.03	9.2	10.15
2016.06.27_21:00:42	1467054042	14.71	9.45	11.95
2016.06.27_22:00:38	1467057638	12.14	9.31	11.96
2016.06.27_22:01:32	1467057692	18.1	9.09	10.34
2016.06.27_23:00:30	1467061231	16.78	9.35	12.03
2016.06.27_23:01:27	1467061287	8.94	9.13	10.05
2016.06.28_00:00:42	1467064843	19.17	6.58	12.81
2016.06.28_01:00:33	1467068433	17.87	8.17	12.26
2016.06.28_01:01:27	1467068487	12.41	9.08	11.22
2016.06.28_02:00:37	1467072037	18.45	7.49	11.39
2016.06.28_02:01:40	1467072101	18.58	4.0	9.86
2016.06.28_03:00:41	1467075642	19.1	9.61	14.16
2016.06.28_04:00:30	1467079231	18.57	9.19	12.39
2016.06.28_04:01:38	1467079298	12.53	8.69	10.65
2016.06.28_05:01:14	1467082874	9.65	0.67	11.22
2016.06.28_06:00:33	1467086433	12.29	9.57	12.57
2016.06.28_06:01:25	1467086486	17.65	9.52	11.09
2016.06.28_07:00:49	1467090050	18.59	0.09	11.37
2016.06.28_08:00:35	1467093636	43.3	9.61	10.63
2016.06.28_08:01:30	1467093690	45.85	9.63	9.78
2016.06.28_09:00:36	1467097236	44.0	9.63	11.33
2016.06.28_09:01:31	1467097291	44.31	9.64	9.63
2016.06.28_10:00:36	1467100836	44.45	9.63	11.28
2016.06.28_10:01:31	1467100891	45.73	9.55	9.84
2016.06.28_11:00:36	1467104437	39.15	9.62	11.15
2016.06.28_11:01:28	1467104488	43.21	9.56	10.21
2016.06.28_12:00:35	1467108035	45.27	9.54	12.62
2016.06.28_12:01:30	1467108090	45.57	9.63	9.81
2016.06.28_13:00:35	1467111636	44.87	9.63	11.56
2016.06.28_13:01:26	1467111687	45.09	9.54	9.56
2016.06.28_14:00:35	1467115236	44.19	9.64	11.63
2016.06.28_14:01:30	1467115291	46.32	9.56	9.92
2016.06.28_15:00:37	1467118838	44.18	9.53	11.06
2016.06.28_15:01:34	1467118894	43.57	9.61	10.2
2016.06.28_16:00:36	1467122436	43.91	9.53	10.27
2016.06.28_16:01:32	1467122493	43.86	9.61	9.92
2016.06.28_17:00:37	1467126038	43.35	9.64	11.03
2016.06.28_17:01:34	1467126094	44.27	9.57	10.05
2016.06.28_18:00:38	1467129638	43.27	9.6	12.03
2016.06.28_18:01:35	1467129695	44.19	9.62	9.62
2016.06.28_19:00:29	1467133230	37.16	8.85	11.75
2016.06.28_19:01:33	1467133294	42.4	9.62	9.59
2016.06.28_20:00:39	1467136840	44.32	9.63	12.35
2016.06.28_21:00:42	1467140442	44.74	9.64	12.06
2016.06.28_22:00:34	1467144035	40.83	9.59	11.3
2016.06.28_22:01:36	1467144096	42.25	9.62	9.97
2016.06.28_23:00:40	1467147641	43.42	9.57	11.79
2016.08.04_18:00:35	1470326436	37.56	9.6	11.58
2016.08.04_18:01:30	1470326491	34.65	9.62	10.03
2016.08.04_19:00:34	1470330035	25.58	9.6	13.12
2016.08.04_19:01:29	1470330090	30.01	9.63	10.13
2016.08.04_20:00:30	1470333631	37.04	9.58	11.54
2016.08.04_20:01:29	1470333690	37.19	9.59	10.06
2016.08.04_21:00:34	1470337234	27.44	8.88	19.35
2016.08.04_21:01:32	1470337292	26.75	8.85	15.73
2016.08.04_22:00:31	1470340832	29.81	9.5	12.62
2016.08.04_22:01:30	1470340891	29.26	9.55	10.13
2016.08.04_23:00:29	1470344429	34.0	9.62	10.49
2016.08.04_23:01:24	1470344484	35.19	9.61	9.6
2016.08.05_00:00:35	1470348036	37.31	9.62	11.56
2016.08.05_00:01:28	1470348088	35.39	9.63	9.63
2016.08.05_01:00:28	1470351628	37.02	9.57	10.89
2016.08.05_01:01:27	1470351688	37.19	9.64	9.71
2016.08.05_02:00:31	1470355231	36.41	9.57	11.44
2016.08.05_02:01:22	1470355283	36.3	9.64	9.79
2016.08.05_03:00:33	1470358834	36.11	9.58	11.26
2016.08.05_03:01:28	1470358888	36.69	9.62	9.98
2016.08.05_04:00:33	1470362434	36.91	9.64	11.34
2016.08.05_04:01:25	1470362485	36.3	9.63	9.78
2016.08.05_05:00:31	1470366032	35.89	9.59	10.91
2016.08.05_05:01:32	1470366092	37.19	9.64	9.64
2016.08.05_06:00:38	1470369639	37.2	9.62	9.69
2016.08.05_07:00:37	1470373238	39.16	9.57	11.3
2016.08.05_08:00:28	1470376829	35.65	9.59	10.73
2016.08.05_08:01:26	1470376886	37.66	9.63	9.98
2016.08.05_09:00:37	1470380438	39.52	9.59	11.16
2016.08.05_10:00:31	1470384031	36.4	9.63	11.14
2016.08.05_10:01:30	1470384090	37.68	9.63	10.0
2016.08.05_11:00:37	1470387638	38.77	9.62	11.14
2016.08.05_12:00:30	1470391230	37.45	9.63	11.95
2016.08.05_12:01:22	1470391282	36.37	9.62	9.82
2016.08.05_13:00:27	1470394828	37.17	9.62	10.2
2016.08.05_13:01:27	1470394887	37.87	9.64	9.98
2016.08.05_14:00:38	1470398438	37.94	9.62	10.84
2016.08.05_15:00:30	1470402031	38.22	9.63	11.66
2016.08.05_15:01:32	1470402092	36.06	9.61	9.75
2016.08.05_16:00:37	1470405638	37.51	9.62	11.73
2016.08.05_17:00:28	1470409229	36.15	9.63	11.89
2016.08.05_17:01:30	1470409291	37.7	9.58	9.65
2016.08.05_18:00:33	1470412834	37.16	9.63	12.22
2016.08.05_18:01:33	1470412894	37.34	9.63	9.72
2016.08.05_19:00:37	1470416437	36.03	9.63	11.18
2016.08.05_20:00:30	1470420031	32.85	9.62	14.37
2016.08.05_20:01:32	1470420092	35.75	9.51	9.99
2016.08.05_21:00:30	1470423631	31.52	9.63	10.64
2016.08.05_21:01:26	1470423686	35.44	9.63	10.1
2016.08.05_22:00:31	1470427232	35.5	9.62	11.33
2016.08.05_22:01:34	1470427294	37.27	9.55	10.36
2016.08.05_23:00:40	1470430841	20.5	9.16	11.75
2016.08.06_00:00:31	1470434431	36.89	9.63	12.63
2016.08.06_00:01:30	1470434490	36.58	9.63	9.89
2016.08.06_01:00:28	1470438028	38.38	9.58	11.98
2016.08.06_01:01:29	1470438090	39.06	9.63	10.06
2016.08.06_02:00:30	1470441631	38.11	9.62	12.22
2016.08.06_02:01:32	1470441693	38.94	9.61	9.6
2016.08.06_03:00:32	1470445233	35.91	9.62	10.27
2016.08.06_04:00:30	1470448831	40.43	9.64	11.99
2016.08.06_17:00:33	1470495634	37.01	9.62	11.15
2016.08.06_18:00:28	1470499229	37.32	9.63	12.35
2016.08.06_19:00:33	1470502834	36.48	9.63	9.59
2016.08.06_20:00:35	1470506436	36.85	9.63	11.71
2016.08.06_21:00:27	1470510028	38.63	9.55	12.59
2016.08.06_22:00:36	1470513637	36.94	9.62	11.1
2016.08.06_23:00:33	1470517234	37.49	9.62	12.12
2016.08.07_00:00:39	1470520840	38.47	9.58	11.77
2016.08.07_01:00:38	1470524438	37.83	9.59	9.98
2016.08.07_02:00:37	1470528038	38.53	9.62	10.93
2016.08.07_03:00:32	1470531632	36.04	9.6	10.14
2016.08.07_04:00:31	1470535231	35.8	9.63	11.52
2016.08.07_05:00:30	1470538830	37.81	9.62	10.42
2016.08.07_06:00:32	1470542432	39.04	9.64	11.93
2016.08.07_07:00:28	1470546028	38.03	9.63	11.39
2016.08.07_08:00:34	1470549635	37.42	9.32	11.39
2016.08.07_09:00:32	1470553233	38.1	9.63	11.5
2016.08.07_10:00:32	1470556833	38.07	9.59	12.81
2016.08.07_11:00:32	1470560432	29.53	9.55	15.79
2016.08.07_12:00:31	1470564031	35.9	9.62	12.43
2016.08.07_13:00:36	1470567637	41.11	9.63	11.1
2016.08.07_14:00:40	1470571241	34.43	9.51	11.36
2016.08.07_15:00:31	1470574831	30.78	9.47	11.4
2016.08.07_15:01:28	1470574889	30.91	9.38	11.38
2016.08.07_16:00:31	1470578432	40.78	9.63	11.41
2016.08.07_16:01:21	1470578481	40.66	9.63	10.23
2016.08.07_17:00:34	1470582035	39.14	9.64	11.54
2016.08.07_17:01:35	1470582095	39.34	9.64	9.76
2016.08.07_18:00:32	1470585633	35.95	9.63	11.26
2016.08.07_18:01:28	1470585688	34.2	9.59	9.75
2016.08.07_19:00:32	1470589232	38.6	9.61	9.7
2016.08.07_19:01:25	1470589286	39.06	9.64	9.74
2016.08.07_20:00:29	1470592829	35.68	9.59	11.02
2016.08.07_20:01:23	1470592884	36.64	9.61	10.04
2016.08.07_21:00:30	1470596430	38.49	9.5	11.63
2016.08.07_21:01:31	1470596492	38.67	9.44	10.4
2016.08.07_22:00:38	1470600039	38.91	9.59	11.24
2016.08.07_23:00:33	1470603633	41.04	9.54	11.59
2016.08.07_23:01:29	1470603690	42.59	9.52	10.62
2016.08.08_00:00:33	1470607233	41.72	9.59	11.54
2016.08.08_00:01:28	1470607288	42.32	9.63	10.33
2016.08.08_01:00:33	1470610833	42.51	9.61	11.31
2016.08.08_01:01:30	1470610890	41.71	9.64	9.92
2016.08.08_02:00:35	1470614435	43.08	9.62	10.13
2016.08.08_02:01:32	1470614492	41.13	9.62	10.34
2016.08.08_03:00:30	1470618031	43.3	9.63	11.45
2016.08.08_03:01:29	1470618090	42.39	9.64	9.84
2016.08.08_04:00:35	1470621636	42.52	9.63	11.25
2016.08.08_04:01:33	1470621694	44.39	9.58	9.87
2016.08.08_05:00:29	1470625229	41.14	9.63	11.5
2016.08.08_05:01:23	1470625284	42.47	9.63	9.79
2016.08.08_06:00:36	1470628836	42.32	9.64	10.91
2016.08.08_07:00:33	1470632433	42.94	9.63	10.18
2016.08.08_07:01:32	1470632493	41.73	9.62	9.73
2016.08.08_08:00:31	1470636032	40.78	9.62	11.37
2016.08.08_08:01:26	1470636087	42.32	9.51	9.71
2016.08.08_09:00:35	1470639635	42.84	9.63	10.35
2016.08.08_10:00:30	1470643231	42.49	9.6	11.57
2016.08.08_10:01:30	1470643290	43.42	9.54	9.82
2016.08.08_11:00:33	1470646833	42.56	9.62	11.97
2016.08.08_11:01:32	1470646892	42.82	9.5	10.09
2016.08.08_12:00:28	1470650428	42.67	9.62	11.11
2016.08.08_12:01:27	1470650488	42.62	9.64	9.9
2016.08.08_13:00:31	1470654031	41.46	9.63	11.39
2016.08.08_13:01:32	1470654093	42.43	9.62	9.75
2016.08.08_14:00:35	1470657635	43.42	9.56	11.31
2016.08.08_14:01:30	1470657690	42.42	9.64	9.74
2016.08.08_15:00:35	1470661235	43.72	9.58	11.87
2016.08.08_15:01:29	1470661290	42.67	9.63	9.81
2016.08.08_16:00:33	1470664833	42.88	9.64	11.25
2016.08.08_16:01:32	1470664893	44.41	9.62	10.2
2016.08.08_17:00:35	1470668436	42.7	9.63	12.21
2016.08.08_17:01:35	1470668495	42.43	9.58	10.11
2016.08.08_18:00:36	1470672036	42.05	9.62	11.15
2016.08.08_19:00:26	1470675627	41.69	9.62	11.29
2016.08.08_19:01:26	1470675686	43.53	9.58	10.76
2016.08.08_20:00:38	1470679238	41.92	9.64	11.05
2016.08.08_21:00:26	1470682827	40.46	9.62	11.63
2016.08.08_21:01:23	1470682883	39.57	9.59	10.2
2016.08.08_22:00:30	1470686430	33.79	9.62	13.04
2016.08.08_22:01:30	1470686491	40.18	9.57	9.73
2016.08.08_23:00:39	1470690039	38.92	9.55	11.39
2016.08.09_00:00:34	1470693635	34.78	9.61	11.23
2016.08.09_01:00:35	1470697235	44.24	9.61	12.71
2016.08.09_02:00:36	1470700837	42.27	9.61	12.63
2016.08.09_03:00:37	1470704437	37.52	9.61	11.58
2016.08.09_04:00:32	1470708032	41.62	9.24	11.65
2016.08.09_04:01:33	1470708093	42.37	9.63	9.82
